50
4 6 4
1 4 2 1
100 10 1
1
5 5 10
2 4 2 3 4 2 1 2 1 3
1 1 1
1
100 2 2
1 2
1000 100 10
4 3 9 1 2 5 6 9 1 10
1 10 10
4 3 4 1 2 5 6 9 1 10
1 10 9
1 1 1 1 1 1 1 1 1
1000 10 9
1 1 1 1 1 1 1 1 1
934 9 10
8 8 8 8 8 8 8 8 8 8
734 3 10
1 2 3 3 2 1 1 2 3 1
345 19 10
10 10 10 10 10 10 10 10 10 10
765 10 10
10 1 10 1 10 1 10 1 10 1
1000 100 10
10 10 10 10 10 10 10 10 10 10
734 20 10
1 2 3 4 5 6 7 8 9 10
631 16 10
10 9 8 7 6 5 4 3 2 1
3 14 8
7 4 1 1 7 5 4 3
3 14 5
1 4 3 6 9
4 8 8
2 8 1 8 1 5 3 5
2 10 6
6 4 7 7 4 5
342 14 9
7 1 7 7 6 1 4 5 4
336 12 9
7 10 2 3 8 7 7 10 4
229 10 9
9 4 10 3 6 1 4 2 1
511 5 9
2 4 1 2 3 5 2 1 1
8 24 10
5 1 9 8 2 6 4 10 1 5
9 28 10
8 10 8 1 2 4 2 8 6 1
6 26 9
2 7 5 6 8 9 8 7 6
8 23 9
9 5 6 5 5 1 4 6 10
93 17 10
6 9 5 6 5 7 8 8 5 7
73 23 8
5 6 8 5 6 9 5 7
299 14 9
6 9 7 5 7 9 5 9 5
286 45 8
5 5 8 5 8 8 5 6
165 16 10
5 8 8 8 7 9 7 9 5 9
256 18 10
7 8 7 7 9 5 9 9 5 9
307 43 9
7 9 9 6 6 6 6 6 9
593 81 10
7 8 8 5 6 6 7 5 9 6
431 69 8
8 9 6 5 5 5 9 6
922 31 7
8 6 9 9 7 7 8
760 1 6
1 1 1 1 1 1
777 81 5
8 8 6 7 5
687 13 5
5 9 5 9 9
245 4 8
4 4 4 4 4 4 4 4
786 25 9
6 7 9 6 7 5 8 9 5
622 15 5
6 8 8 6 9
8 92 7
8 9 6 5 9 9 5
717 87 6
5 8 8 6 6 5
514 17 7
9 8 6 6 6 6 9
470 1 6
1 1 1 1 1 1
966 85 9
6 5 5 6 5 5 9 7 7
824 86 9
9 5 7 5 7 8 7 8 5
