10000
9 23
10 57
6 18
8 49
2 88
7 37
1 16
6 32
8 67
5 19
9 84
7 40
2 39
2 50
8 47
3 87
7 41
6 69
5 31
1 21
10 12
6 47
2 63
4 11
10 87
10 24
10 72
1 76
6 90
2 83
7 74
1 85
7 99
5 45
7 48
9 36
3 16
9 35
6 14
7 88
9 76
1 31
10 97
9 31
10 70
3 73
5 51
5 21
2 91
5 74
4 79
1 73
10 11
2 90
5 26
4 48
2 63
1 1
8 71
5 86
4 26
2 16
3 65
5 34
6 72
8 91
7 82
9 16
2 12
2 24
3 78
9 18
5 49
4 99
5 51
1 74
6 73
2 85
10 44
3 18
3 57
7 70
10 69
5 8
10 34
9 79
3 56
4 3
3 59
8 92
10 83
7 37
10 45
2 94
5 32
7 34
4 44
2 20
7 52
8 68
6 74
4 47
3 34
9 100
4 82
1 95
5 84
8 29
4 15
9 26
8 20
8 36
10 75
1 17
8 18
7 51
9 0
10 78
5 13
3 100
4 99
10 50
6 67
8 70
8 40
1 31
6 31
8 61
6 80
4 4
1 86
5 5
5 65
1 14
6 76
2 29
10 77
6 89
3 68
7 62
5 96
7 0
6 51
8 44
1 67
10 96
9 6
5 69
8 6
7 48
4 9
3 100
4 9
3 59
1 1
8 52
9 94
1 89
10 100
6 100
6 30
10 72
5 39
8 5
1 59
5 15
3 24
9 62
4 67
5 41
6 13
7 69
6 26
3 19
10 28
7 6
7 18
7 81
7 27
4 81
1 9
7 18
3 32
1 99
1 4
9 96
10 76
9 48
10 52
7 92
6 33
8 95
4 64
10 58
6 67
6 16
10 0
2 16
6 100
1 41
6 82
2 88
9 25
7 14
1 67
8 43
9 59
1 24
7 29
1 94
8 50
7 79
1 76
5 96
6 91
7 74
10 54
9 75
1 91
2 33
7 44
9 97
9 7
3 90
8 25
2 30
2 62
8 93
9 19
6 9
10 18
7 85
1 46
8 22
7 19
5 82
3 93
6 63
1 57
8 38
9 55
2 95
1 22
9 82
7 85
5 14
3 64
6 84
7 3
10 67
10 17
4 48
10 49
10 89
6 31
5 3
10 13
5 83
3 23
1 1
7 44
7 98
6 43
2 64
9 100
9 8
8 90
8 15
7 75
10 93
6 30
10 74
7 0
8 100
5 57
9 12
9 97
1 62
4 95
8 68
3 48
4 100
5 85
1 59
4 4
2 67
1 87
5 56
7 31
9 37
4 45
5 92
2 31
4 79
9 83
4 53
5 43
6 54
4 32
6 96
7 50
1 64
4 79
2 65
4 99
10 66
6 19
10 0
3 44
2 10
1 81
1 91
7 16
3 55
4 28
10 2
1 51
9 64
1 16
2 79
6 82
1 15
10 59
8 62
6 71
1 75
5 77
9 27
10 59
8 61
9 4
2 93
9 41
6 5
6 37
7 28
10 21
6 90
9 64
1 27
2 94
4 82
4 14
6 13
2 55
2 67
10 44
8 81
9 22
2 88
10 9
8 22
8 70
9 82
6 84
8 40
3 26
3 38
5 69
4 51
10 70
10 36
4 91
10 83
1 52
10 100
6 18
1 96
8 8
7 100
7 87
5 34
10 58
7 74
9 30
8 4
3 72
5 92
9 34
10 42
2 63
10 78
7 11
7 40
3 36
5 72
2 43
3 13
9 4
7 25
8 66
8 85
6 1
6 89
8 10
6 42
3 72
9 64
5 9
10 72
9 0
7 4
5 94
7 54
8 67
4 20
1 34
4 69
2 19
6 65
7 67
7 22
1 10
6 82
5 78
2 48
4 93
7 97
7 17
10 82
7 23
4 41
5 38
1 59
9 35
5 9
8 1
9 38
6 2
1 88
9 13
3 25
2 82
7 21
8 75
5 81
10 24
6 66
9 89
3 38
10 57
1 58
3 78
7 12
2 83
10 93
1 56
7 60
10 26
8 17
2 66
1 73
9 70
8 99
7 61
1 44
9 21
9 44
7 96
4 11
1 46
3 36
9 55
10 33
7 75
6 98
5 23
5 39
1 51
8 45
6 88
9 57
9 50
8 68
4 79
3 33
9 13
9 80
1 93
9 75
5 100
9 93
9 11
4 41
8 50
10 62
9 75
7 86
6 51
3 94
1 61
7 100
1 87
1 57
6 59
4 13
1 70
5 58
5 29
9 100
6 62
10 93
9 34
10 72
7 85
6 71
7 14
10 95
3 16
7 20
2 43
8 87
5 24
2 61
9 23
9 65
9 75
8 60
1 65
6 17
6 42
10 78
5 66
7 82
2 56
4 12
1 86
8 66
4 60
7 71
6 42
7 87
2 56
4 61
1 63
8 40
7 35
9 67
3 22
9 63
2 69
3 81
10 88
6 3
10 21
8 99
6 3
4 37
7 27
5 37
7 28
2 6
10 66
5 44
2 49
3 45
6 64
9 48
9 91
5 69
4 65
4 37
8 69
3 81
9 59
5 46
3 12
6 75
10 100
5 14
1 70
1 49
3 33
8 46
7 72
1 33
1 60
5 99
10 31
4 16
2 26
9 12
10 33
4 56
4 40
2 12
3 29
2 32
2 34
9 43
1 99
8 96
1 88
3 84
10 90
2 52
2 29
5 58
3 80
6 76
4 43
1 44
10 85
2 30
10 26
3 10
3 2
6 26
3 42
4 20
1 58
1 76
10 77
9 13
5 86
7 88
5 64
9 47
2 30
6 66
1 49
6 49
2 99
9 98
1 56
4 78
9 54
2 58
6 43
4 44
5 4
3 43
4 13
6 17
1 88
7 99
5 80
2 41
2 60
7 9
9 75
2 57
4 15
7 20
7 44
4 10
5 76
5 98
6 72
10 85
7 32
3 25
10 93
4 32
7 25
9 61
7 3
9 86
7 5
9 36
7 80
3 59
5 30
10 26
10 87
8 66
8 100
9 8
9 26
5 76
3 13
7 76
2 94
7 19
6 36
5 0
1 39
10 62
2 45
2 22
8 67
10 87
10 91
3 96
4 35
6 6
8 6
7 28
9 87
8 14
1 27
4 20
3 42
10 4
2 20
2 50
7 26
6 16
9 30
5 94
1 57
9 21
5 52
9 84
7 83
1 25
10 17
10 100
9 69
9 74
10 96
9 91
5 38
8 14
2 89
2 75
2 72
9 25
3 76
6 50
6 54
5 69
8 80
10 19
5 70
3 63
7 89
6 79
1 63
6 69
7 14
6 98
2 24
10 5
4 54
8 32
9 20
4 98
3 8
9 22
1 98
9 47
8 18
4 2
10 13
3 6
7 67
1 98
5 53
10 37
2 45
4 72
9 16
8 57
9 84
5 45
10 6
2 75
7 49
4 39
3 63
1 56
3 20
2 74
4 20
10 77
2 67
10 14
3 46
1 31
4 11
3 69
5 7
7 60
4 76
2 75
3 31
5 46
2 59
1 83
8 74
8 87
9 64
7 22
4 78
9 69
6 16
9 77
2 54
2 82
5 89
9 17
3 30
4 33
6 99
6 57
7 32
10 96
7 75
5 74
5 3
3 64
10 79
1 99
6 3
6 97
3 86
3 87
9 45
2 71
9 87
7 54
2 80
5 28
5 63
9 97
7 21
9 33
4 88
3 16
6 94
5 65
7 19
7 63
6 83
1 62
5 65
3 97
5 67
4 64
10 13
1 76
10 56
2 67
3 43
1 60
9 17
2 17
6 20
10 44
1 1
7 75
7 16
8 44
1 73
1 21
8 55
7 43
6 26
8 1
8 93
4 59
4 17
7 64
8 2
6 67
1 29
2 7
2 74
4 15
8 64
1 52
3 100
9 42
7 50
4 48
7 79
3 39
1 96
4 88
1 6
6 14
1 34
6 100
5 97
8 48
6 47
6 8
10 77
1 52
4 19
3 19
8 13
3 95
5 17
10 99
1 35
6 71
5 25
8 81
5 66
9 43
5 15
1 44
9 79
6 19
2 85
9 35
1 14
5 17
9 22
8 43
5 41
5 59
7 35
4 24
8 32
5 44
5 87
3 78
2 12
6 65
10 87
8 12
3 33
2 99
2 87
7 82
2 98
7 51
2 67
8 10
4 51
3 33
9 1
2 33
10 80
7 100
5 57
5 64
5 74
1 44
10 97
7 39
8 68
5 7
2 23
2 48
9 100
3 65
4 67
10 45
4 53
9 83
1 68
8 38
6 58
9 88
10 94
1 78
3 51
2 35
2 52
3 27
6 23
7 75
10 34
10 36
6 76
1 46
5 79
1 98
7 37
6 74
2 28
1 63
2 100
8 86
4 29
10 63
5 16
8 35
2 42
3 19
6 14
7 97
3 97
9 65
8 28
4 11
2 84
7 18
6 6
7 45
9 64
8 46
8 21
10 94
10 17
7 71
2 11
9 46
4 81
9 89
4 63
2 99
2 48
6 42
2 76
9 57
2 46
7 1
3 87
6 64
10 67
10 3
7 12
8 49
5 28
7 68
7 97
8 91
10 46
9 93
2 91
7 98
3 62
2 25
7 12
8 17
2 45
2 29
5 11
7 65
6 23
6 58
2 3
1 31
3 22
2 67
10 86
6 90
2 62
1 27
1 73
3 68
2 51
7 99
6 23
9 21
4 75
1 65
2 80
1 73
2 37
5 28
9 70
10 13
1 53
6 72
9 43
9 59
8 1
6 31
1 54
9 37
6 17
2 15
4 41
6 16
9 62
9 36
8 81
10 44
6 72
5 43
6 65
5 97
2 83
9 68
6 95
10 85
4 46
5 88
5 76
1 48
9 57
4 4
8 64
2 13
9 27
6 7
5 80
10 35
8 96
9 87
8 87
10 76
7 31
7 31
3 7
4 65
6 64
8 86
9 14
6 68
5 66
2 8
1 71
5 22
8 40
6 27
1 78
1 38
3 10
8 61
1 82
4 77
1 38
9 53
1 66
5 5
2 98
8 91
9 81
3 51
6 89
3 1
5 88
5 50
4 67
9 24
1 43
10 34
8 83
1 100
5 85
5 33
7 66
7 12
8 56
7 10
4 92
10 53
7 87
7 92
6 72
4 76
10 48
9 9
6 20
6 37
2 46
7 78
7 31
3 1
4 79
3 53
2 38
4 39
8 86
5 6
7 55
6 72
3 8
8 73
2 64
2 88
3 52
5 33
9 52
7 60
3 49
3 49
7 73
10 80
3 91
8 20
8 35
2 84
5 7
7 59
5 55
2 63
5 93
1 7
8 19
8 88
2 4
2 63
8 41
7 42
7 65
1 70
5 93
6 93
7 58
6 49
1 95
7 53
7 37
1 47
2 20
4 95
6 22
4 76
5 87
6 90
10 51
2 39
2 44
2 4
6 35
8 42
1 95
7 18
3 12
7 100
10 72
7 88
6 25
10 16
8 9
10 69
8 92
3 25
6 0
8 12
1 68
6 72
10 19
10 47
10 60
9 85
1 83
5 67
2 85
8 92
3 55
5 49
4 15
1 92
9 13
7 59
6 42
1 44
5 48
7 100
2 2
8 27
4 19
4 9
8 2
4 71
7 23
1 85
2 9
2 29
6 20
5 89
5 80
1 99
2 95
3 92
10 50
10 54
1 55
6 55
8 41
1 13
5 43
1 74
1 91
6 80
3 22
7 69
8 75
7 10
5 94
4 87
1 69
5 76
2 40
10 65
1 35
10 77
5 1
1 10
7 27
10 96
8 14
4 75
6 18
3 34
10 37
1 15
8 16
10 56
6 36
10 4
1 60
3 96
6 2
3 77
5 63
4 45
8 90
7 71
10 20
5 21
7 71
2 37
9 68
6 48
9 44
4 43
5 61
2 67
5 6
7 25
8 31
10 1
5 2
10 55
5 51
6 45
10 83
2 26
1 0
3 1
9 40
10 76
10 71
4 43
9 9
7 19
1 97
1 72
8 100
9 22
3 81
8 35
1 96
4 69
10 82
6 70
1 15
9 1
3 5
7 98
2 40
1 27
6 36
1 48
5 82
2 61
4 91
9 37
9 44
2 5
4 5
6 100
10 28
5 29
9 91
1 45
4 25
2 60
3 12
6 0
4 24
3 76
9 58
2 24
3 60
8 68
8 100
2 63
5 75
4 35
1 30
6 74
6 85
6 20
4 67
10 8
8 62
5 6
4 26
4 24
9 48
4 40
5 49
7 10
8 87
5 1
1 40
2 54
3 17
2 15
8 9
1 29
4 48
4 100
6 54
8 84
3 40
9 97
7 33
9 54
6 31
4 35
8 94
1 79
2 94
4 10
1 12
6 41
5 71
10 100
8 24
10 49
4 1
10 84
5 45
3 92
1 31
9 4
9 16
7 96
9 41
8 90
2 79
3 37
9 100
10 23
6 76
8 28
8 92
10 1
3 63
2 31
4 31
3 42
5 78
10 2
4 39
4 50
6 92
2 8
3 87
3 16
7 5
2 0
4 67
2 99
1 71
2 51
8 29
9 79
2 37
2 55
7 73
2 15
3 56
7 79
9 86
10 56
8 38
1 49
7 78
8 1
7 97
9 29
10 30
10 46
8 13
5 17
3 96
2 53
10 21
8 66
5 31
3 55
6 9
7 53
5 38
1 15
6 99
3 46
10 0
2 49
3 62
2 45
10 75
8 60
9 8
8 77
10 9
8 68
9 30
1 58
6 70
4 68
7 93
10 52
8 47
2 92
3 77
8 76
5 24
7 75
4 87
9 8
2 45
9 68
10 96
7 47
9 42
6 44
3 75
6 14
5 60
6 63
7 4
4 79
1 95
8 67
7 32
7 55
8 9
2 2
3 46
4 48
8 25
2 97
5 41
2 91
5 51
10 26
4 66
3 58
5 66
1 95
8 94
4 12
8 12
3 90
3 73
2 37
6 57
10 57
3 31
3 100
8 68
2 59
3 71
5 54
9 80
3 38
4 85
4 9
2 36
4 38
9 87
2 19
3 86
1 29
4 60
6 56
9 64
2 33
5 94
9 63
5 7
5 72
8 76
10 85
6 23
3 98
5 89
2 30
6 9
3 84
5 1
2 42
1 43
8 12
6 32
4 77
7 13
4 25
1 74
3 49
8 30
9 15
10 88
9 34
9 27
2 53
6 53
1 42
5 20
4 29
8 88
2 69
5 44
7 24
3 51
10 19
8 3
1 19
10 85
1 54
9 82
6 83
10 84
9 27
5 13
9 5
8 47
9 71
3 51
2 37
7 86
5 24
3 70
3 38
6 13
2 30
5 77
2 21
10 14
4 17
9 53
1 17
8 94
1 68
7 71
10 32
8 85
1 37
9 10
6 71
5 31
9 46
5 40
1 82
7 22
10 13
3 72
9 11
8 78
10 58
4 53
5 56
8 74
2 12
3 92
6 38
10 10
5 64
9 42
8 91
6 95
6 65
9 24
7 82
1 7
8 60
8 42
5 17
7 68
10 41
8 26
9 91
1 2
6 30
4 47
2 63
7 30
3 38
7 87
7 92
7 92
7 11
3 15
5 46
5 67
4 64
5 12
1 22
10 14
4 88
8 77
1 85
5 3
1 76
2 69
3 27
7 76
10 51
1 17
2 3
10 18
9 74
9 23
4 22
4 47
1 27
7 42
9 53
6 56
7 75
8 84
8 67
6 16
1 15
2 9
3 37
7 94
2 59
9 98
4 84
8 22
6 84
6 61
4 14
8 40
3 93
2 82
9 79
5 32
3 79
10 2
9 76
9 54
8 10
6 7
2 2
5 99
10 32
8 32
9 23
5 35
7 65
8 27
4 8
2 18
8 58
9 26
9 50
4 62
1 15
5 82
9 9
7 31
10 18
8 29
4 27
10 34
10 74
1 74
8 99
2 42
10 54
9 31
3 76
2 98
1 75
1 52
7 44
8 60
5 40
8 55
2 32
6 14
2 71
9 88
8 49
3 64
4 17
1 85
3 25
1 31
7 67
6 74
4 13
1 57
4 29
5 67
9 34
7 88
8 89
10 39
3 37
4 64
9 51
8 85
7 56
3 54
9 53
1 89
6 65
9 33
6 59
10 76
3 19
7 47
8 8
3 72
7 21
1 73
7 67
10 45
6 1
5 30
4 23
9 18
1 55
2 10
5 60
5 90
2 19
4 28
8 99
5 83
5 92
10 84
8 44
8 26
7 33
3 80
2 93
8 39
4 42
3 10
9 81
3 59
3 74
5 40
6 97
5 13
8 56
4 39
8 95
9 0
10 63
5 14
7 23
6 73
8 81
1 70
1 86
7 85
7 41
6 97
5 18
8 92
9 7
5 68
7 97
3 82
5 49
6 49
3 41
6 14
9 81
9 86
4 77
10 81
6 72
8 17
1 35
2 100
5 68
7 32
6 28
3 75
8 41
1 82
6 0
5 24
9 44
2 15
7 43
4 77
1 81
7 52
9 68
9 73
3 14
1 18
6 19
3 77
5 87
10 9
3 34
1 47
9 91
10 76
5 77
8 2
6 72
7 95
4 32
6 35
4 93
4 47
4 82
8 9
3 0
5 54
7 12
5 8
1 59
10 63
6 76
8 36
7 19
6 19
5 45
2 25
9 47
7 2
2 33
7 16
6 96
4 5
2 51
1 65
5 3
7 3
10 19
3 91
6 70
10 79
7 73
2 46
6 3
9 21
6 88
9 22
5 69
8 3
2 96
1 20
4 9
5 97
9 16
1 91
9 85
6 82
5 18
7 28
4 20
8 95
6 44
10 21
1 62
2 49
4 76
4 43
5 18
4 50
7 32
4 9
5 99
1 69
8 41
1 48
2 44
6 31
2 88
5 21
5 70
8 55
8 65
4 97
3 75
7 46
7 92
9 32
6 85
3 39
10 8
1 35
3 89
5 12
4 97
8 14
9 98
2 67
9 9
5 40
7 56
2 11
5 50
1 27
4 49
5 92
2 0
5 97
4 91
7 97
6 86
5 2
5 87
9 11
5 21
3 52
3 52
5 36
3 54
9 66
3 14
7 6
6 38
10 26
8 40
8 18
9 67
2 31
2 63
6 47
2 96
9 3
7 56
10 9
6 62
8 39
8 91
3 79
9 35
5 41
4 5
2 17
4 33
5 57
9 24
2 86
7 73
1 89
1 60
10 13
8 56
2 81
7 5
9 74
1 97
10 15
10 14
9 63
7 28
1 41
5 90
4 8
9 44
2 73
3 51
6 89
3 52
1 14
1 88
7 97
6 72
1 68
9 78
6 80
6 15
10 83
4 0
10 49
9 94
2 52
10 83
4 55
5 63
8 26
3 79
8 94
2 97
6 31
8 66
3 60
2 5
8 86
4 43
8 85
3 56
4 59
2 71
10 98
9 23
9 44
1 14
7 30
3 21
3 100
10 16
1 64
4 96
9 54
9 8
7 47
4 37
2 47
3 44
9 63
10 29
1 7
4 8
6 11
9 36
6 84
1 19
5 12
10 90
6 11
4 42
5 95
10 63
6 89
10 72
4 38
3 4
8 92
1 20
1 39
7 53
10 28
10 29
6 73
4 56
10 97
7 58
2 16
3 65
7 5
9 16
6 18
9 53
10 59
3 64
4 45
3 55
5 82
3 19
2 59
1 24
2 19
7 26
9 19
6 84
7 82
6 53
4 98
6 78
5 89
10 26
5 54
5 74
8 77
6 56
8 75
8 18
8 55
7 77
9 61
10 76
4 54
5 97
1 27
4 9
4 29
1 5
3 45
1 48
4 35
5 17
4 5
2 80
4 46
9 24
3 57
3 39
1 5
6 8
6 59
5 78
4 66
9 70
3 2
5 100
10 27
5 16
10 87
10 43
3 65
1 93
9 79
5 75
3 9
3 69
9 89
10 98
8 72
2 91
3 17
9 100
8 25
7 60
7 87
8 45
4 46
4 77
5 2
9 56
10 49
4 45
3 5
3 22
7 81
9 34
2 62
2 48
5 91
5 25
1 55
5 31
1 58
2 83
5 40
7 89
2 78
5 12
10 11
3 35
10 10
7 11
6 33
6 5
5 32
10 62
7 56
5 3
9 34
5 29
3 2
6 18
1 77
6 95
7 95
8 77
10 51
7 89
4 11
4 65
5 77
7 74
6 72
5 47
6 54
2 38
7 74
10 63
8 30
4 6
1 85
5 10
10 86
8 28
1 16
2 18
2 20
2 78
5 29
2 51
8 52
10 93
9 23
10 38
3 47
2 99
3 78
7 77
2 49
4 66
4 79
9 24
4 82
9 91
1 1
5 16
5 45
6 73
5 34
7 41
7 39
2 23
4 98
5 63
3 61
1 97
3 5
10 78
10 7
10 70
4 65
3 79
9 58
5 27
5 65
2 86
8 3
5 95
7 34
10 89
6 62
8 87
3 5
9 89
9 47
4 2
3 12
4 76
4 49
4 64
5 80
8 90
8 89
3 67
2 65
8 96
4 64
2 86
8 14
9 71
6 44
10 68
10 36
1 21
8 10
5 17
1 64
1 74
6 2
1 66
5 100
10 74
6 93
3 86
3 91
8 40
1 17
7 50
6 18
8 22
1 51
9 56
1 71
3 16
2 97
10 94
1 39
7 82
4 64
1 41
6 51
9 63
4 9
4 16
9 62
5 69
10 55
6 58
1 36
7 41
9 53
3 8
6 27
1 86
5 76
8 84
5 83
1 9
3 72
1 27
1 46
9 47
5 89
5 91
8 96
8 56
6 49
5 65
9 39
7 95
10 14
8 7
8 1
4 22
6 76
8 8
10 4
6 87
8 98
9 31
9 50
4 83
8 38
8 91
4 43
8 22
9 32
7 8
4 39
1 76
8 20
2 49
7 48
1 47
6 85
1 24
9 20
5 38
2 96
10 35
7 86
1 90
2 99
4 65
4 52
1 66
7 93
8 96
8 85
8 53
8 98
8 64
3 18
2 27
5 90
3 45
9 60
4 37
4 18
8 19
9 20
4 18
10 59
3 73
7 80
5 15
4 3
6 6
9 62
3 62
5 85
3 35
2 20
3 50
9 48
7 1
6 82
2 47
9 27
10 67
1 2
8 41
1 59
6 25
1 22
8 81
8 54
4 70
6 94
8 82
7 16
8 32
9 44
8 74
10 42
4 9
7 10
8 54
5 17
6 20
4 74
9 89
5 13
4 91
10 62
8 78
6 25
1 24
4 17
9 96
5 90
1 99
8 57
1 12
1 93
1 71
3 92
10 7
4 11
1 12
9 57
1 20
8 100
3 32
2 7
7 75
9 4
8 75
4 36
2 59
3 92
2 77
8 51
4 100
8 99
10 69
9 6
6 24
7 1
4 55
2 15
6 57
8 70
10 86
5 10
8 29
4 38
2 13
5 58
5 99
5 1
5 13
7 49
2 39
6 93
10 60
4 44
5 9
10 8
2 31
8 72
6 26
3 24
6 81
10 38
8 16
10 62
2 79
3 27
6 91
6 53
4 31
2 23
1 6
6 45
3 44
4 18
4 5
1 57
5 33
7 18
10 56
5 95
8 51
10 30
10 15
2 16
1 92
9 99
3 65
3 65
8 12
9 53
1 70
8 71
9 3
5 73
9 9
8 2
3 89
7 11
4 21
1 58
5 53
3 45
4 36
3 21
8 54
4 54
4 31
1 0
7 32
4 41
6 85
2 3
5 11
8 24
6 26
10 94
5 18
6 5
9 72
1 10
9 68
6 100
1 1
5 36
5 54
5 47
3 100
2 39
1 41
3 41
10 94
8 7
9 79
10 33
10 97
10 53
5 27
8 58
6 56
1 59
7 62
9 52
3 95
5 49
7 33
3 75
1 9
9 9
5 55
7 63
2 85
9 71
2 78
2 50
5 87
6 55
8 75
6 68
6 50
9 18
1 14
5 81
9 95
1 68
6 17
10 95
1 0
4 57
6 52
8 92
2 33
5 41
10 93
7 23
4 64
1 47
2 100
4 88
8 34
10 47
6 22
5 76
5 46
10 88
4 41
3 53
7 29
8 30
7 48
1 67
7 19
4 25
6 1
1 14
1 33
2 51
7 2
9 3
1 51
5 37
6 56
6 61
5 87
2 83
3 78
10 55
3 15
2 61
10 24
2 55
9 71
2 57
1 77
10 24
10 37
1 22
9 12
6 55
10 92
8 71
8 6
5 96
8 8
5 68
4 36
4 82
3 55
9 54
5 12
9 41
8 52
7 6
8 68
3 2
1 2
3 57
10 22
9 97
1 95
7 64
5 58
2 51
9 44
3 68
5 62
9 28
1 84
1 95
10 43
7 84
3 21
3 87
10 44
9 17
5 76
3 78
5 23
2 96
2 88
1 23
9 70
8 95
1 56
1 37
7 2
7 9
1 81
10 7
6 37
9 72
9 20
10 39
5 26
2 65
6 90
2 17
7 96
10 95
6 71
6 44
10 26
3 83
10 52
3 88
2 87
9 42
9 42
5 82
8 91
8 30
6 22
3 54
3 37
9 17
1 93
3 45
9 36
5 25
3 45
10 68
2 19
2 46
9 31
7 24
9 25
10 6
9 54
9 18
10 62
2 79
8 92
8 99
3 49
6 70
1 22
2 56
1 26
3 74
6 47
1 53
4 25
1 63
1 25
7 75
7 78
1 83
7 75
6 32
2 55
5 73
1 89
4 92
6 40
8 42
7 28
7 99
6 63
7 36
4 41
1 60
8 99
7 67
6 19
9 77
6 88
5 30
4 6
5 3
3 79
4 48
1 15
7 66
6 92
7 16
6 4
8 89
5 86
4 69
10 73
7 65
5 42
10 37
10 63
1 55
7 12
6 91
7 77
8 7
8 87
3 29
4 44
7 4
5 91
7 12
4 1
5 86
2 63
8 88
1 21
4 14
6 87
8 82
6 38
7 61
8 22
3 35
2 98
4 81
1 6
4 88
5 45
7 94
3 16
1 44
10 90
1 91
10 79
6 65
4 9
1 27
3 58
10 80
3 60
4 4
10 34
1 51
4 28
9 21
6 46
9 63
7 79
6 36
4 86
5 87
9 25
5 82
8 51
1 59
3 57
3 17
10 37
8 77
10 88
4 93
5 0
3 71
1 100
2 41
2 78
7 90
1 19
9 38
1 49
9 7
4 91
6 17
6 67
1 89
2 73
3 0
7 25
6 4
10 81
3 67
2 57
4 25
9 18
8 66
9 40
1 47
1 48
6 75
5 61
4 79
10 100
8 62
9 32
3 34
1 75
1 14
6 59
6 26
2 66
2 43
7 75
10 84
4 27
1 81
5 76
10 91
7 96
1 81
5 84
7 42
5 95
4 30
8 34
4 51
3 21
5 71
7 61
3 58
10 89
6 2
1 64
3 17
9 5
4 42
8 34
9 51
1 91
7 55
9 47
6 96
7 19
6 41
10 86
3 26
2 12
10 23
6 30
1 25
6 74
7 86
8 98
7 86
2 6
10 15
3 9
9 78
8 36
7 5
5 19
4 30
10 94
9 38
4 80
7 39
2 37
8 62
2 53
1 78
8 63
5 78
4 82
10 4
2 80
7 67
9 28
5 62
3 40
7 69
5 2
8 60
9 28
4 92
2 33
6 74
3 96
2 75
9 3
7 23
4 63
5 16
4 57
8 7
7 14
3 81
6 52
1 49
10 75
9 84
3 50
2 28
3 10
7 39
8 48
9 45
5 5
8 49
2 81
8 23
5 46
4 97
1 15
9 90
7 33
3 10
1 18
2 90
5 80
1 30
3 32
2 36
2 68
5 64
8 84
10 44
10 14
5 19
8 23
1 61
9 40
2 50
3 6
2 40
7 57
7 36
5 90
5 80
5 38
3 97
10 2
10 100
7 83
5 53
4 74
6 52
2 92
3 1
2 18
7 17
5 78
2 51
3 20
10 17
8 73
2 45
4 64
1 88
3 48
6 35
4 28
3 4
4 65
5 30
1 55
7 47
7 78
1 37
8 37
10 31
10 46
10 49
4 23
3 79
1 81
5 10
4 72
4 70
8 73
4 58
8 10
10 53
2 42
1 83
9 64
6 40
9 53
9 56
4 43
3 87
9 42
4 75
10 15
3 39
9 87
6 83
7 91
2 55
7 44
1 58
4 54
1 100
2 30
3 58
3 14
9 13
7 0
2 99
3 57
2 27
5 63
9 88
8 32
9 6
3 71
8 31
1 53
10 27
5 19
7 69
10 50
10 93
4 41
1 28
3 36
3 8
8 2
5 92
10 17
4 61
5 19
5 64
8 76
5 86
1 28
9 16
3 1
3 22
3 52
8 73
3 50
4 56
8 31
10 96
7 54
1 91
1 83
7 49
10 51
8 19
7 84
6 80
9 88
7 3
9 66
7 57
7 78
1 66
2 85
5 60
4 1
1 80
3 34
5 19
5 42
2 71
4 77
2 34
7 55
1 71
5 25
10 86
5 40
4 81
2 3
2 9
2 12
7 49
6 70
7 36
10 41
3 27
7 42
8 79
7 78
10 82
10 10
6 41
1 100
4 18
9 36
7 13
4 23
10 6
8 9
6 33
1 81
1 67
9 86
4 29
3 70
2 53
4 86
6 57
10 70
8 50
8 91
2 44
6 92
10 36
3 39
2 22
1 96
1 41
6 10
8 45
2 86
5 63
4 81
4 21
8 16
5 22
9 99
9 82
10 23
10 67
4 86
5 99
1 6
3 42
1 27
2 35
2 46
10 37
5 4
1 43
10 48
5 2
9 29
7 79
2 37
1 91
10 36
9 16
9 74
9 74
2 17
10 27
8 52
2 77
3 27
7 96
6 7
7 17
8 28
2 59
10 25
7 22
10 84
9 29
9 65
8 28
6 51
8 25
5 80
2 94
7 40
7 62
4 14
10 39
3 83
10 94
10 48
3 27
1 48
6 17
10 23
5 62
3 7
6 93
4 26
5 46
2 88
4 64
2 39
3 22
3 2
4 52
8 11
4 17
6 32
5 66
1 26
6 33
6 39
9 92
4 39
7 70
6 89
6 51
8 0
4 44
3 11
1 66
10 37
10 29
10 62
4 11
10 9
9 70
8 73
4 55
10 27
9 29
2 66
2 20
6 49
5 94
4 12
7 22
6 67
1 9
10 97
5 24
3 11
7 8
5 74
4 56
6 18
9 93
10 78
5 88
4 23
2 26
3 89
4 80
7 72
5 95
9 95
4 13
8 0
3 11
1 71
4 77
4 2
6 6
1 21
1 27
5 80
1 87
2 69
1 86
1 48
6 54
7 98
5 68
2 98
4 84
2 11
4 71
2 60
2 40
7 5
9 71
8 99
9 97
1 69
10 52
6 8
1 9
6 15
7 70
7 16
7 3
6 86
9 83
5 98
3 47
5 91
7 15
8 34
5 98
9 92
10 96
9 17
5 16
1 32
8 33
6 99
4 23
1 24
5 19
1 37
6 38
2 3
1 52
9 63
10 29
9 6
8 73
7 42
5 42
4 18
6 52
5 0
4 27
2 5
6 5
4 65
10 76
1 4
2 86
10 72
6 84
2 28
2 39
5 61
10 69
9 51
7 53
3 19
2 95
2 26
7 40
5 24
5 24
10 65
6 46
3 51
7 15
6 7
8 57
2 75
5 0
3 21
7 11
2 49
1 24
7 13
8 93
1 66
2 28
5 22
8 90
7 97
3 58
9 82
4 67
7 76
9 35
3 47
8 87
1 13
8 50
3 39
7 67
5 37
7 58
6 1
3 21
5 29
8 90
5 94
2 37
6 55
2 39
5 73
9 63
9 93
3 26
10 29
4 74
10 24
6 45
6 82
3 31
3 85
2 7
1 90
8 28
10 39
7 13
9 87
2 48
6 16
3 44
6 7
1 11
1 54
10 48
7 88
8 94
9 81
10 62
6 56
6 40
6 45
5 36
4 20
8 83
10 23
5 29
2 25
1 30
6 48
8 19
4 4
2 94
10 1
4 70
3 89
4 57
6 11
1 93
10 34
6 77
5 82
2 42
1 24
6 49
1 0
9 100
4 50
6 82
2 95
2 97
7 41
6 71
1 58
7 99
10 99
6 56
2 68
1 86
7 41
4 24
9 33
1 25
10 62
3 51
1 58
6 85
4 95
1 94
9 90
1 37
2 20
10 19
7 53
7 51
8 0
9 83
9 45
5 19
3 3
5 35
4 86
9 53
6 10
10 90
10 39
4 69
10 74
1 28
9 85
9 26
5 36
3 80
10 23
3 40
6 74
10 57
4 45
7 55
1 88
4 46
2 80
2 63
2 35
1 79
2 34
7 76
1 82
2 38
2 24
8 47
6 99
7 63
3 49
4 89
4 64
5 4
6 34
4 78
1 92
5 6
10 30
3 71
3 23
4 56
6 94
2 85
8 10
3 3
4 49
7 84
5 54
2 68
2 73
2 32
3 45
3 6
2 76
5 77
1 85
7 48
4 9
7 86
8 62
1 87
2 57
10 17
7 48
3 61
4 13
9 14
1 93
8 96
1 82
5 17
1 95
9 26
7 20
3 1
4 35
4 61
2 70
1 40
1 56
4 44
2 48
2 88
3 71
7 71
3 21
1 22
9 49
6 52
4 93
5 55
5 19
9 2
3 6
9 89
6 32
8 85
4 14
5 9
5 41
8 5
4 65
8 94
6 73
4 81
5 81
9 89
5 78
3 41
4 89
3 79
7 57
2 17
8 39
2 89
8 13
9 3
6 12
6 44
7 54
6 1
5 62
1 99
2 20
9 58
8 64
7 100
3 24
3 3
1 3
1 11
8 61
1 36
9 5
10 40
10 20
4 59
7 61
7 83
8 50
10 38
8 84
6 86
1 76
5 20
7 61
3 7
8 82
9 68
2 26
4 54
10 43
1 23
10 27
6 34
10 98
7 0
1 100
6 23
8 81
4 55
7 41
8 48
3 11
9 76
9 11
8 96
7 60
8 67
1 53
4 63
1 13
9 65
10 26
6 0
6 78
2 36
7 45
8 25
7 64
10 60
8 6
3 95
3 14
6 42
1 10
10 93
8 31
2 0
7 80
1 19
8 60
7 54
3 76
5 12
6 14
3 18
6 68
2 97
2 80
2 8
5 14
4 81
2 8
5 15
9 18
7 41
3 86
4 80
4 81
9 10
8 26
1 5
4 89
9 79
10 82
6 42
6 69
1 54
2 90
6 63
4 22
7 89
1 36
10 75
3 2
8 30
8 54
10 97
10 66
1 87
7 54
4 71
8 61
7 97
1 41
8 82
1 33
9 0
7 32
1 8
6 90
1 29
6 34
9 53
8 16
4 70
7 93
7 87
5 80
10 79
3 49
7 97
9 85
7 4
4 72
1 90
8 50
6 49
3 34
9 100
4 6
3 16
1 19
7 45
4 50
5 82
9 23
9 27
5 26
7 96
6 16
4 94
9 36
9 7
6 15
5 34
7 84
1 42
1 21
2 53
10 38
5 5
8 45
1 86
1 18
10 79
7 90
9 79
5 94
10 72
10 50
6 69
5 30
3 39
6 2
5 39
8 31
8 82
6 84
8 8
5 37
1 10
9 83
5 73
4 78
3 66
3 89
10 23
3 22
10 96
6 45
7 23
2 92
8 40
6 99
7 86
1 4
5 78
6 50
5 11
4 58
4 34
1 3
7 57
3 29
3 66
3 11
4 17
7 8
5 4
10 48
9 8
2 99
2 23
6 35
5 54
6 40
6 38
4 59
10 8
2 13
4 0
10 92
8 36
10 96
3 55
7 58
4 7
3 31
1 63
2 52
1 73
6 47
2 92
4 68
3 91
8 82
5 82
7 73
2 29
6 22
9 30
1 27
1 84
5 69
1 93
7 30
5 41
2 27
4 39
1 16
6 95
9 36
10 43
8 11
10 50
1 16
7 78
8 55
1 90
3 97
9 67
8 68
5 8
6 12
9 59
8 11
4 25
5 45
6 58
7 53
4 76
5 85
5 12
3 71
4 56
7 99
9 21
5 49
4 99
9 42
8 76
5 44
7 42
5 93
1 55
1 24
3 1
7 21
2 55
4 78
6 45
9 46
1 69
2 56
8 67
7 63
3 99
10 94
8 29
7 76
3 47
6 49
2 1
1 2
4 56
7 15
6 60
2 14
4 51
1 97
3 23
4 76
1 55
9 73
2 75
6 99
7 51
10 64
6 85
7 3
3 90
1 59
6 56
5 93
7 15
3 12
8 56
3 45
3 16
10 90
8 95
10 66
5 13
5 86
8 6
1 70
3 66
10 66
8 66
3 52
10 20
9 41
2 95
1 19
4 17
1 43
10 44
5 71
5 92
3 26
4 43
3 80
10 13
1 90
9 82
6 79
6 35
8 91
7 77
1 23
7 88
3 73
7 70
2 99
2 17
5 27
2 0
2 96
3 61
10 45
1 15
8 87
10 80
6 78
10 17
1 44
4 58
1 20
2 78
7 1
2 31
8 24
7 3
4 22
8 83
1 9
8 74
7 8
4 27
2 63
1 39
2 100
9 98
7 87
10 80
4 42
6 49
1 15
2 98
8 79
7 49
9 81
6 4
2 52
5 58
7 71
8 88
7 18
8 44
10 30
4 75
4 89
4 85
3 22
5 28
9 49
4 36
5 29
3 62
10 0
6 17
7 21
8 80
5 48
10 87
2 87
7 76
4 22
3 72
4 8
8 51
1 48
5 29
9 83
6 63
6 15
8 34
7 29
7 2
6 59
1 39
10 89
2 43
1 40
9 48
2 18
2 91
2 9
2 51
8 70
1 63
7 1
5 93
2 67
9 15
7 11
10 67
5 46
4 72
2 39
4 36
5 72
5 27
6 56
2 84
6 82
5 26
9 49
6 98
2 1
5 91
8 91
7 52
5 9
7 28
2 25
3 24
1 74
1 63
9 47
6 10
2 71
8 51
3 67
3 40
9 73
1 68
3 32
1 12
4 51
4 23
9 95
4 39
5 64
5 67
5 19
2 1
7 4
6 17
2 94
10 40
4 92
4 46
10 91
1 65
9 26
10 57
2 43
10 50
1 71
6 14
1 9
4 40
3 50
8 23
3 55
1 0
5 100
10 55
2 31
1 4
3 50
6 17
4 75
3 4
4 96
9 55
1 58
7 73
5 21
2 49
9 81
4 4
3 97
4 66
8 65
1 16
2 63
8 43
8 86
3 26
5 3
7 14
4 87
10 81
6 83
1 87
6 7
3 55
6 12
3 33
7 63
10 69
9 65
9 13
3 22
8 69
2 69
5 76
9 51
6 56
5 99
6 39
9 21
3 44
4 98
5 26
2 31
6 25
3 24
6 26
4 78
9 88
10 42
9 61
7 52
10 18
4 17
3 59
6 67
10 69
6 13
1 7
2 28
1 54
3 2
8 95
10 82
2 85
6 32
10 40
9 28
5 48
1 87
9 71
7 82
3 51
5 84
9 90
6 14
10 72
3 47
7 18
9 84
4 61
7 98
8 59
5 96
2 6
4 11
10 50
7 48
5 57
3 94
6 23
3 98
1 81
6 82
3 46
2 61
8 35
10 32
1 95
2 11
3 67
7 49
2 70
1 95
9 84
4 68
3 0
1 28
10 22
8 39
1 92
7 82
4 29
9 5
10 86
1 13
1 33
8 75
10 3
1 44
1 69
8 10
6 85
3 45
5 29
9 11
10 79
8 3
4 48
3 15
5 53
7 5
6 100
4 37
8 54
6 95
9 79
9 55
9 47
4 15
3 77
3 60
2 67
9 79
7 2
4 59
2 13
8 14
9 23
2 49
10 53
2 15
8 74
7 63
1 57
5 78
1 37
6 47
3 84
2 62
10 21
6 5
6 95
9 82
4 44
9 68
1 80
7 19
10 59
10 11
8 68
4 13
1 29
8 34
4 43
3 4
9 37
10 32
1 90
3 61
4 49
3 72
10 38
8 93
9 74
10 87
9 100
2 19
5 46
5 71
9 95
10 16
1 37
6 5
9 45
10 96
4 96
2 81
8 24
10 33
1 34
2 65
5 75
8 20
1 44
8 23
9 9
9 38
9 74
8 73
3 43
1 48
10 25
8 98
10 1
9 94
6 13
10 57
7 55
3 12
6 23
5 63
9 75
2 15
2 16
10 15
6 2
10 57
9 93
2 1
4 61
6 3
8 39
8 26
4 31
3 83
9 39
8 24
3 52
7 9
1 48
4 30
6 89
1 93
5 84
8 71
4 34
2 90
7 88
2 48
3 50
2 50
8 94
8 5
5 93
8 34
6 21
9 31
8 9
8 50
5 49
7 87
5 15
8 33
2 14
5 55
1 34
2 18
10 75
2 72
1 15
10 37
7 8
6 11
6 34
6 42
5 77
8 76
6 49
3 76
4 80
9 26
3 43
1 78
6 69
7 88
2 82
5 25
6 46
10 8
9 37
1 3
7 89
7 76
2 74
6 3
4 47
9 35
9 97
3 59
8 34
5 79
4 23
3 94
9 79
8 84
3 24
2 37
4 72
2 51
2 80
9 3
9 73
7 43
3 86
1 76
5 51
3 81
4 43
10 96
6 63
6 6
2 7
5 63
3 83
1 95
8 92
9 60
3 16
7 75
9 66
4 11
10 52
1 67
5 6
9 58
9 29
5 16
9 2
8 27
7 18
8 58
3 8
9 28
5 95
6 29
5 83
5 45
6 16
3 51
2 53
10 57
5 63
5 66
2 44
1 17
3 3
5 83
6 15
9 65
1 90
2 71
6 4
5 5
9 5
2 65
1 1
5 91
6 91
5 99
4 55
7 64
6 22
6 4
2 52
1 88
3 21
5 81
10 57
10 77
3 60
8 67
6 93
4 64
9 46
6 61
4 70
4 6
10 70
2 39
3 64
6 74
7 61
10 12
3 21
6 23
8 34
4 92
6 10
9 6
3 60
4 46
2 33
6 8
8 48
2 58
5 24
5 27
9 99
3 61
5 0
1 67
9 99
9 72
7 23
6 99
6 67
8 41
1 99
9 51
3 71
5 92
2 94
8 47
4 12
8 90
5 13
3 90
3 100
6 92
3 70
9 40
3 21
5 19
10 43
4 55
5 73
2 53
7 77
10 57
9 14
6 71
8 68
5 86
2 61
4 19
3 91
9 74
4 34
10 76
7 90
1 29
6 100
8 1
1 73
6 9
5 10
10 13
2 65
6 5
3 81
10 88
7 38
9 28
5 9
7 33
10 13
2 91
1 51
6 76
4 78
3 0
6 10
8 16
6 26
7 62
2 54
9 96
9 35
4 84
4 25
2 100
8 94
7 25
3 80
1 8
9 47
9 56
8 16
3 12
10 9
1 53
1 68
4 89
1 66
4 65
3 26
3 48
3 41
2 93
10 49
8 67
4 43
1 4
5 80
2 9
7 79
1 63
2 6
4 23
6 53
3 78
9 55
7 37
9 11
7 90
1 19
1 13
2 32
7 74
7 72
10 86
4 41
9 76
9 6
5 83
6 64
9 30
4 85
7 4
2 19
9 21
3 41
5 67
9 51
7 1
5 4
2 45
6 64
9 72
1 73
2 73
4 14
1 26
3 60
4 88
5 31
6 65
1 66
5 21
10 43
9 53
1 55
1 88
1 96
6 50
3 98
2 36
5 22
4 10
10 64
6 1
7 1
9 58
9 25
3 35
4 2
5 8
7 57
6 34
7 87
7 91
7 62
5 21
10 59
2 31
2 34
3 74
1 17
10 88
9 36
7 23
4 41
9 25
4 64
1 7
1 7
6 96
9 6
9 100
6 5
1 5
8 55
3 21
1 5
5 34
5 15
6 6
5 97
6 46
9 22
2 76
1 37
3 34
5 88
2 94
3 26
6 62
5 54
8 76
3 73
2 96
7 57
8 63
5 29
4 57
8 20
2 72
8 67
3 63
8 56
4 8
10 48
9 85
10 73
9 66
10 29
2 19
6 1
3 14
7 43
10 13
6 79
3 57
6 39
3 42
9 38
6 69
1 39
1 85
4 31
1 57
10 36
8 83
4 28
10 82
3 80
1 23
6 15
3 15
7 32
7 71
6 6
6 35
9 52
3 69
6 64
8 62
1 11
3 54
2 84
1 88
5 33
8 11
5 63
10 6
6 31
4 11
6 99
2 46
7 39
6 72
9 49
6 26
10 25
7 66
9 12
9 59
9 10
1 51
7 97
1 18
3 53
8 78
1 4
7 95
3 81
4 58
1 11
7 74
4 67
6 27
6 52
7 29
2 90
2 89
2 18
4 1
2 12
9 0
5 54
5 84
4 91
4 98
5 48
8 28
8 51
1 34
9 66
2 49
2 5
9 87
1 51
9 78
8 38
6 77
2 91
7 2
5 87
4 83
10 63
3 36
10 47
2 0
7 48
1 64
7 34
3 70
9 56
3 17
4 87
2 64
6 54
8 77
4 34
1 69
8 44
2 36
6 8
7 21
8 65
5 71
7 8
10 90
8 88
10 68
4 12
6 11
1 40
1 32
7 16
2 10
2 77
4 2
7 88
5 4
3 73
8 78
1 88
6 54
8 47
5 12
5 78
8 50
6 33
10 87
5 31
8 76
1 42
7 47
6 94
1 13
7 19
6 99
7 88
5 41
9 28
5 54
6 34
3 49
4 2
4 79
10 63
10 92
5 47
3 6
2 35
9 74
6 49
8 1
3 57
8 82
6 64
5 70
5 3
9 70
5 24
1 92
1 83
10 51
5 41
9 51
7 27
2 19
9 89
9 80
9 61
8 48
3 46
10 79
7 67
8 14
4 58
3 84
9 77
9 18
6 24
6 94
4 37
4 25
2 2
4 98
1 76
1 41
1 88
2 5
1 13
8 60
8 61
6 59
7 14
5 75
4 11
5 62
3 56
8 34
4 80
8 92
6 80
6 34
5 49
1 81
5 96
9 42
1 7
4 75
4 2
10 52
5 74
3 100
1 30
10 72
6 88
4 66
9 93
8 84
2 69
10 20
9 34
1 32
1 69
7 91
6 44
8 68
9 14
2 17
6 21
6 50
6 47
4 30
7 57
3 20
2 62
2 59
10 39
4 74
9 33
1 67
3 76
2 89
5 46
3 24
10 98
7 69
3 3
10 80
7 31
4 30
3 74
6 92
7 11
9 26
6 46
2 45
8 28
3 84
6 16
2 57
8 31
8 74
1 58
10 2
6 93
4 48
8 78
2 96
8 66
7 19
4 25
9 68
7 2
5 85
6 92
9 29
2 13
1 90
7 33
3 85
7 12
8 66
2 73
4 99
4 25
8 64
1 95
6 87
3 64
2 79
10 19
1 97
10 64
1 97
3 56
2 59
3 52
10 99
5 71
9 67
10 74
4 52
9 6
9 62
10 89
6 50
1 92
10 81
1 71
6 59
7 97
7 9
8 54
10 81
6 57
7 78
5 43
1 83
6 17
9 93
8 25
1 90
7 17
8 12
2 71
3 48
8 16
2 95
4 48
10 70
5 54
5 36
6 71
1 94
7 9
10 5
10 79
9 66
6 95
6 83
2 27
9 66
5 70
9 20
10 34
1 90
8 23
9 88
5 2
3 63
8 22
7 18
4 44
9 76
1 78
10 90
10 30
9 27
2 6
5 85
5 77
9 39
5 80
6 44
5 54
1 90
2 86
1 87
3 75
4 49
3 32
8 93
2 100
4 79
6 20
7 85
4 14
2 13
2 0
8 57
5 37
6 21
9 23
6 53
6 76
10 4
2 72
7 18
10 7
6 39
4 31
2 67
4 27
8 13
9 93
9 94
6 8
2 16
7 13
8 69
5 2
2 27
10 44
8 52
3 8
4 19
1 80
4 13
4 37
8 11
2 54
9 69
6 57
5 32
1 49
1 25
2 96
2 64
9 51
10 82
4 84
1 56
10 99
10 49
1 12
6 6
5 57
4 99
4 86
8 92
3 63
7 64
1 30
8 15
7 32
6 15
5 5
5 8
3 53
7 70
3 41
8 19
1 85
1 41
8 11
1 100
9 33
6 34
3 68
10 8
3 22
3 24
6 94
3 98
5 34
10 1
4 79
4 92
5 84
10 80
3 95
5 67
8 38
5 4
10 79
1 6
2 34
1 31
2 46
1 9
1 45
2 75
8 48
5 70
6 3
2 36
4 80
3 55
8 10
2 26
3 89
1 81
2 8
2 92
7 12
10 2
7 84
2 8
10 100
1 45
5 66
5 64
10 10
6 13
9 46
1 84
4 64
2 41
10 34
8 63
1 78
1 5
3 69
7 25
2 41
6 23
2 37
4 93
5 69
2 51
6 17
9 60
4 61
8 95
9 24
4 2
5 20
3 11
2 30
8 77
10 36
7 74
1 49
9 78
6 78
8 65
5 21
10 99
5 70
9 92
2 31
1 77
8 67
8 38
3 83
8 2
7 30
5 0
9 39
8 60
6 21
6 31
1 78
2 73
3 59
8 64
1 99
6 75
5 59
10 9
3 92
3 43
8 95
5 52
8 38
6 56
6 95
10 26
5 14
9 25
3 82
5 92
5 27
6 52
3 90
10 37
8 35
3 30
6 44
10 12
1 84
10 29
5 46
10 0
7 99
1 18
1 37
1 21
1 95
4 3
3 46
8 18
8 96
8 10
10 73
9 36
10 66
3 42
7 70
4 10
10 73
10 12
1 33
6 62
8 33
2 12
1 74
7 99
3 72
9 55
6 67
1 38
5 9
10 6
5 29
1 37
3 95
5 74
7 19
1 65
10 7
5 12
9 84
10 82
9 64
6 52
6 43
10 49
10 51
7 10
5 85
6 12
6 70
2 51
8 24
7 12
6 59
2 77
5 98
3 13
7 89
4 7
2 66
1 97
7 12
5 33
9 63
7 40
5 28
10 81
5 72
1 87
4 40
5 12
3 25
1 80
9 69
3 99
3 56
8 6
3 95
8 43
2 8
1 42
9 23
3 31
7 69
2 30
10 73
9 35
6 11
10 23
10 69
6 31
6 83
10 94
2 21
1 88
2 10
5 63
2 24
5 23
1 53
8 79
9 100
3 17
7 55
7 53
5 85
8 15
10 66
8 27
7 4
7 51
3 23
6 54
10 52
9 94
1 33
6 36
6 35
10 66
10 94
9 34
9 68
10 85
4 77
7 41
2 76
10 99
4 11
2 91
7 30
8 36
1 95
5 5
2 75
6 15
4 66
2 38
2 63
3 25
2 66
2 57
9 63
2 87
3 2
1 3
2 4
5 9
7 45
2 65
10 6
9 32
8 57
9 30
2 61
7 1
6 27
10 65
6 7
5 0
5 48
1 79
8 93
10 41
6 65
8 78
9 19
2 96
4 50
3 40
2 79
8 73
10 48
7 63
7 28
3 28
7 49
1 34
9 7
2 8
9 25
6 45
6 6
7 87
3 83
6 92
6 44
9 83
3 92
5 54
3 84
7 30
1 8
7 98
4 10
10 90
5 95
9 84
5 86
5 85
8 66
10 31
10 83
2 71
8 99
4 53
5 73
7 16
3 74
3 8
7 33
2 65
7 78
2 45
5 15
8 16
8 91
8 80
6 98
9 85
5 36
1 90
8 61
7 3
6 68
4 82
1 98
10 6
7 66
7 61
10 56
5 40
9 68
8 43
9 4
4 15
1 64
3 97
2 31
8 54
6 6
7 26
3 66
2 58
8 8
10 67
4 79
10 73
2 90
9 95
4 97
9 82
9 8
3 71
7 60
1 97
3 1
7 99
3 20
5 97
5 61
8 32
3 35
5 62
1 52
5 43
4 62
4 17
5 83
2 94
8 18
2 11
3 99
4 46
7 61
9 21
1 11
10 24
3 80
7 74
1 31
2 96
8 79
4 20
5 72
3 53
1 86
7 60
3 35
4 63
4 21
9 21
3 44
9 78
7 18
7 68
8 32
6 39
4 29
5 99
4 38
7 51
1 45
5 31
6 36
10 41
6 94
10 91
8 91
9 39
2 7
9 54
10 24
8 25
5 57
3 64
1 37
10 96
5 82
8 81
9 68
9 7
7 92
1 19
7 17
1 78
4 48
2 91
10 93
9 19
2 49
4 96
7 96
4 31
5 67
2 57
3 82
4 0
6 35
2 43
8 28
10 1
1 4
4 13
10 30
8 23
1 13
1 45
9 48
7 38
8 50
4 77
5 41
7 36
5 60
1 71
3 31
1 77
9 98
8 3
8 10
7 84
10 79
7 9
6 69
10 4
9 20
8 47
3 9
5 66
9 67
10 94
6 20
8 92
9 39
10 33
6 85
8 14
7 67
7 79
6 62
1 57
9 59
3 7
4 67
3 69
2 0
10 92
5 43
4 17
6 57
10 8
10 17
1 90
6 46
10 68
7 33
4 50
3 61
4 71
5 51
4 12
6 28
4 52
4 55
7 55
5 71
2 45
10 53
3 7
8 24
9 87
9 53
5 15
7 40
3 89
9 39
7 86
2 67
9 6
1 86
8 22
9 73
5 65
4 100
9 84
6 78
3 12
10 87
5 85
5 86
1 34
6 86
10 32
8 81
4 38
1 53
5 0
5 36
3 4
4 41
3 80
5 12
4 55
5 27
7 39
7 88
7 29
7 78
6 98
1 21
9 98
1 26
6 20
9 70
9 51
9 42
4 38
7 88
2 3
1 76
3 67
7 10
1 16
6 24
5 70
7 5
4 26
5 64
3 92
4 93
9 67
7 10
9 95
2 11
5 60
9 47
3 72
5 50
4 64
1 22
9 62
8 76
1 59
8 82
1 74
9 79
6 44
3 81
8 19
6 61
1 85
5 20
2 0
5 72
6 80
10 94
8 16
1 51
1 68
9 65
10 66
8 94
9 55
4 45
10 16
7 38
5 16
9 25
5 9
9 69
10 72
8 28
4 37
7 47
2 34
6 55
4 54
10 94
2 91
3 58
5 52
8 48
5 29
2 76
6 15
6 89
4 14
10 47
4 42
5 55
7 55
7 64
6 16
5 13
2 89
1 21
2 89
7 32
8 81
8 79
4 3
9 100
7 35
8 69
3 33
7 80
5 54
5 45
6 64
1 9
5 37
8 33
5 39
5 14
5 44
6 48
1 77
7 41
5 94
4 58
7 85
9 33
7 85
9 62
5 66
5 86
9 78
8 94
4 62
2 40
10 6
7 54
10 51
1 75
6 55
7 93
1 30
1 83
10 71
10 47
4 1
10 43
3 86
1 80
6 23
5 5
7 82
2 65
1 23
6 12
3 7
10 80
1 98
10 59
9 52
10 41
10 12
1 25
4 31
8 22
10 1
8 63
9 12
2 8
4 44
4 63
1 69
8 41
4 98
8 61
7 12
7 40
2 38
4 87
10 17
1 2
4 79
6 92
4 47
8 56
6 33
10 22
1 57
5 51
7 34
7 9
2 34
7 17
6 78
7 93
3 8
1 80
9 83
8 47
7 30
1 75
10 57
7 48
10 47
8 72
7 11
7 81
3 79
1 71
2 37
8 36
6 71
1 92
10 51
8 0
9 46
2 6
9 29
5 45
9 74
9 58
7 14
2 94
5 3
1 95
9 18
5 64
2 84
7 6
8 91
10 87
10 90
5 65
8 17
9 64
4 61
7 92
1 13
4 22
5 72
5 67
8 44
10 34
4 67
6 25
1 33
7 28
8 33
7 80
3 59
7 35
7 12
1 27
6 71
5 51
9 86
2 68
4 74
2 70
3 33
3 31
1 55
4 94
5 1
6 26
9 7
10 53
4 98
5 32
2 86
2 12
6 31
1 82
1 33
10 56
2 8
2 8
4 29
3 96
8 49
2 36
1 43
3 33
3 10
7 35
9 30
1 62
9 96
5 57
5 99
8 69
6 55
10 62
4 46
4 95
2 92
1 95
3 25
1 21
8 89
10 73
4 20
10 45
3 79
4 57
9 6
5 46
8 3
6 69
1 37
2 14
3 75
8 29
1 83
10 64
7 39
7 15
5 99
2 88
7 71
6 63
9 4
9 62
4 79
2 25
5 11
1 10
9 90
4 50
7 39
6 92
10 58
3 98
8 80
1 83
7 75
10 78
2 100
10 77
5 85
6 85
8 82
8 86
10 75
7 87
8 68
7 3
5 28
4 21
8 79
9 83
2 69
1 25
4 74
3 8
10 19
6 55
10 68
6 5
1 62
10 85
9 60
3 73
3 78
2 99
1 37
10 97
2 85
6 8
6 22
3 67
4 17
5 7
10 51
1 36
5 43
3 49
3 19
7 7
3 0
8 96
4 40
6 51
3 54
5 2
9 86
6 62
6 46
8 84
10 82
7 83
8 13
9 44
7 29
2 70
8 93
8 100
4 65
6 62
10 37
9 99
4 72
3 62
5 33
7 53
4 17
3 30
4 52
5 100
7 75
2 89
6 37
8 20
9 41
4 35
10 58
10 69
6 72
1 11
10 97
5 49
6 85
6 14
5 49
1 85
3 60
2 36
10 60
2 82
4 80
9 4
9 86
4 11
3 49
2 40
9 24
10 2
5 63
10 8
4 35
5 12
3 87
8 53
8 96
3 84
4 4
4 0
9 86
8 33
8 78
8 6
2 7
7 87
5 97
6 14
5 22
5 77
1 24
5 66
1 79
4 39
1 89
6 62
5 19
10 78
2 10
4 62
5 58
4 14
3 63
2 94
7 79
7 26
7 19
10 14
8 19
1 46
7 73
8 43
7 42
3 29
1 21
2 94
6 67
1 97
10 59
3 88
5 52
2 41
3 30
4 87
2 98
4 4
1 92
1 6
7 9
4 57
2 9
3 8
6 89
10 30
2 65
2 17
9 74
8 96
10 97
1 36
10 5
4 31
1 73
1 24
4 18
3 28
2 96
2 52
9 40
4 54
8 59
4 76
4 15
6 80
3 93
7 13
7 44
3 84
6 34
5 23
9 95
1 63
6 65
8 87
8 73
9 56
6 95
3 25
3 35
7 54
10 6
6 27
9 38
4 71
7 73
1 4
9 10
8 88
4 67
9 33
3 66
6 97
6 65
5 82
2 27
8 4
6 87
9 2
6 72
7 21
2 33
6 92
6 42
4 67
4 48
1 48
7 15
3 97
1 82
7 88
7 17
2 39
9 27
1 44
1 39
5 58
4 71
1 51
9 44
2 22
4 43
5 84
1 67
9 23
10 30
6 57
9 26
6 29
8 26
7 84
1 14
5 82
8 80
10 38
2 71
9 56
10 61
1 34
1 80
5 49
10 4
9 19
3 27
6 44
7 4
8 73
2 76
7 91
3 13
9 73
3 25
2 82
2 30
5 44
5 17
1 82
5 29
8 84
5 26
8 99
4 11
7 59
7 39
3 99
9 65
3 14
10 28
5 11
1 19
1 79
3 29
1 75
9 57
2 68
6 8
8 66
1 10
1 79
3 6
8 52
6 45
8 19
9 39
5 75
9 68
6 40
1 81
8 32
1 47
6 59
1 49
10 34
2 8
10 3
3 26
8 63
10 64
8 78
6 46
3 49
5 70
10 93
8 4
4 15
7 60
5 44
6 28
4 0
3 83
8 82
4 79
3 12
8 27
8 31
7 16
6 0
5 35
8 57
4 93
7 87
3 5
2 91
2 92
6 92
5 13
7 87
5 60
9 88
6 91
1 76
8 16
6 5
7 21
8 10
5 30
3 9
5 89
5 45
5 4
8 50
1 90
5 11
3 100
7 61
2 6
2 36
7 83
7 2
3 50
1 89
8 70
8 3
3 71
7 29
7 39
7 6
6 32
5 1
1 3
6 60
1 44
4 99
3 44
8 16
9 16
7 4
6 91
3 7
4 91
6 38
8 74
2 55
4 56
2 52
1 44
5 53
10 45
8 95
6 18
9 46
1 25
5 78
2 63
8 5
5 55
4 46
5 3
10 65
2 58
4 95
4 72
1 100
10 68
7 53
5 66
1 89
10 4
2 93
5 13
8 3
4 59
9 75
9 15
8 24
3 87
7 71
2 20
2 45
3 90
3 28
4 29
6 66
7 9
2 54
2 76
1 21
9 4
6 26
8 67
10 61
5 39
3 31
10 33
4 76
5 89
4 43
8 90
9 9
9 9
4 91
9 46
3 96
10 23
9 35
3 32
2 25
6 51
9 61
4 29
8 39
3 94
8 76
6 71
2 56
10 81
7 22
1 42
1 18
7 65
2 22
6 9
2 11
6 16
1 38
9 40
2 4
1 23
1 0
7 28
5 50
10 24
4 81
5 57
2 26
4 100
5 2
10 37
9 69
3 31
7 0
10 18
8 4
6 92
6 1
1 51
10 23
2 97
4 67
10 30
6 31
6 40
10 31
8 35
5 12
2 70
3 32
6 14
3 56
10 84
9 14
5 17
8 75
3 5
5 5
8 13
4 6
4 32
5 68
8 37
1 2
3 27
8 77
10 52
10 55
1 80
9 82
7 70
10 10
6 78
1 4
10 83
4 44
7 43
1 42
6 88
10 14
4 80
10 20
8 84
1 12
2 52
4 38
3 76
4 88
3 68
6 35
8 24
6 44
5 46
4 73
2 61
5 7
9 45
1 3
2 79
10 68
6 45
6 96
10 18
4 86
1 54
2 99
9 74
4 62
9 63
3 15
1 100
4 99
6 73
9 26
6 43
1 72
2 90
2 30
10 77
7 57
3 39
3 19
8 99
6 99
2 17
7 13
10 81
5 45
2 69
2 13
10 79
6 18
1 0
1 32
5 55
1 62
6 82
3 64
3 21
1 96
9 81
2 39
10 14
9 19
7 62
10 51
2 6
4 56
8 75
5 41
1 62
2 98
3 95
5 34
9 77
1 74
4 57
7 72
4 92
1 7
3 99
4 31
8 19
3 69
1 29
5 72
2 31
1 91
3 39
7 40
4 72
6 31
9 76
2 82
1 50
1 79
9 28
8 11
2 73
3 53
3 96
2 60
10 50
6 59
2 7
8 66
4 4
10 3
2 14
9 38
8 83
10 21
7 100
8 83
10 86
2 80
3 59
6 21
9 20
8 84
5 60
5 29
1 25
5 23
1 22
5 44
6 10
7 12
9 86
10 90
7 17
10 50
9 5
1 4
9 74
3 49
7 82
7 88
2 7
3 4
9 66
4 16
10 85
10 53
2 48
10 84
1 53
10 19
9 13
10 26
2 35
7 85
1 18
8 64
1 78
4 16
10 81
8 26
7 23
7 73
1 77
6 26
4 67
2 13
2 78
4 23
6 10
4 23
10 59
8 24
3 68
9 79
10 43
4 26
5 87
7 46
8 38
2 30
9 34
10 80
5 35
2 43
5 78
4 19
10 71
2 35
9 63
5 86
2 75
7 67
6 1
9 2
10 76
1 63
9 52
5 57
10 49
6 11
9 95
8 78
10 56
9 43
4 47
8 51
7 7
7 92
3 85
8 1
9 80
5 23
3 0
6 48
9 78
9 41
10 34
2 79
7 7
1 75
9 60
9 59
1 58
5 94
5 48
9 77
7 16
4 47
9 22
10 98
10 87
9 91
9 12
2 52
2 50
6 28
3 55
10 13
2 48
1 85
3 52
10 84
1 27
3 72
4 27
10 58
1 90
6 90
1 97
2 52
9 57
7 65
5 22
4 60
5 18
9 41
10 93
9 20
7 74
7 8
6 51
1 62
10 44
2 47
1 33
6 2
1 34
6 47
8 68
7 97
1 36
10 55
3 66
10 19
4 87
4 58
2 73
8 73
4 64
1 97
4 82
8 21
2 36
1 1
7 94
1 62
3 53
10 55
2 83
10 20
6 55
9 49
1 33
10 47
3 26
8 5
7 39
7 67
6 16
5 96
9 36
4 20
5 14
7 25
4 10
10 25
8 73
5 36
4 36
6 62
9 90
4 7
10 61
10 40
3 55
8 89
4 78
5 80
4 96
5 20
3 61
3 59
5 93
3 84
6 85
3 16
10 70
9 22
3 0
2 89
6 31
8 98
9 57
9 52
1 32
4 2
9 2
1 68
1 32
4 56
1 59
2 52
9 37
3 98
8 81
2 54
1 78
7 48
3 2
8 21
5 40
5 58
5 29
5 18
4 1
7 40
6 15
4 13
1 86
7 36
8 51
6 32
9 83
3 7
7 64
6 83
6 81
3 74
8 43
8 94
8 14
10 65
5 22
5 4
3 1
1 74
3 74
7 43
10 56
2 55
2 62
1 91
9 18
7 99
6 84
4 30
1 1
2 1
8 50
4 15
10 32
2 73
4 25
9 93
10 33
7 94
6 61
7 29
10 25
3 48
10 86
3 50
3 63
9 98
1 74
7 68
4 35
4 1
8 17
10 80
1 19
2 20
2 38
3 59
1 97
2 84
10 4
6 80
8 1
6 69
1 79
5 1
6 57
4 90
8 25
1 89
3 27
1 46
3 93
7 33
6 90
4 16
3 36
7 70
10 46
6 25
4 93
6 66
5 81
3 37
4 74
5 57
8 60
10 79
1 42
6 14
1 100
5 2
7 1
7 94
5 48
3 7
7 82
7 3
6 99
1 18
2 8
2 46
4 1
3 45
1 82
3 9
2 85
7 68
4 40
2 0
5 99
10 84
9 82
4 7
1 41
4 24
7 51
10 78
5 12
7 11
1 85
7 82
5 82
9 78
9 70
10 66
2 1
10 56
6 54
7 2
2 16
5 26
6 45
9 93
6 55
5 83
5 60
6 11
1 30
8 1
5 21
4 3
6 61
2 52
6 28
7 63
7 26
4 1
6 28
3 87
1 43
7 59
1 52
7 60
4 20
8 47
2 90
1 56
8 18
3 63
7 21
9 56
6 62
8 24
5 14
8 21
3 21
4 82
6 2
8 24
5 40
5 50
5 88
8 16
4 56
2 15
8 99
1 86
1 15
10 21
1 71
7 79
10 100
8 58
7 6
9 87
3 6
7 44
6 3
3 11
2 48
1 92
10 4
1 98
3 76
8 34
9 57
3 82
5 83
1 82
10 99
10 68
7 51
7 65
5 86
5 5
7 49
9 50
2 42
5 54
5 5
1 34
7 92
3 70
5 75
10 10
7 22
3 64
6 91
1 48
6 1
10 14
10 48
10 15
4 8
9 61
6 22
8 16
9 54
10 4
2 25
4 35
1 95
6 51
3 67
3 83
6 83
7 34
4 13
4 56
5 20
1 60
5 25
7 59
5 83
1 61
9 10
2 23
10 1
9 39
6 48
1 93
2 80
1 33
6 96
5 2
5 71
10 58
6 82
9 96
3 21
7 40
6 76
8 1
10 74
8 37
7 16
5 17
9 22
4 32
6 9
2 8
5 21
2 2
9 78
1 10
10 15
9 46
5 22
1 0
10 26
9 79
4 11
2 1
8 61
3 81
7 27
9 85
3 20
3 19
4 51
3 72
3 97
10 25
7 16
7 21
1 27
9 94
6 27
7 79
5 17
7 76
5 20
4 79
2 60
2 64
1 82
7 67
4 78
7 36
1 9
7 31
3 56
1 47
7 100
1 93
10 69
8 0
4 21
5 76
5 29
1 14
9 54
4 82
2 44
9 54
1 0
6 37
1 93
9 48
4 57
10 91
8 32
7 40
1 94
3 1
10 54
2 83
4 84
4 89
9 11
4 72
3 78
5 51
7 54
4 96
8 48
1 85
8 2
10 6
1 99
2 74
6 41
8 42
1 94
7 38
5 79
8 70
4 50
3 71
8 78
6 34
3 83
4 25
6 33
4 25
6 61
1 66
6 21
9 11
7 98
2 20
9 6
7 87
3 80
4 32
7 42
8 63
3 1
6 72
2 7
8 99
8 99
2 95
9 78
1 79
5 77
9 20
7 0
4 54
6 2
5 31
7 86
9 4
3 84
9 49
9 89
2 64
8 61
4 4
4 14
4 79
3 56
7 28
9 100
7 37
7 90
9 95
1 65
4 52
10 5
10 72
9 81
6 70
1 2
5 34
9 87
3 95
2 17
9 100
2 22
4 72
1 85
1 34
7 65
1 14
2 79
4 99
8 79
6 48
2 16
4 94
10 65
10 24
5 81
1 62
1 94
1 65
9 63
6 59
6 93
3 2
10 39
7 22
9 96
8 89
8 32
6 30
3 92
1 97
2 73
9 79
10 90
1 36
1 31
9 52
2 15
9 75
6 88
4 48
2 56
9 59
3 0
7 68
8 75
9 14
6 60
6 85
5 27
9 89
1 54
6 60
4 98
3 92
6 5
6 45
3 48
7 78
6 79
9 8
8 49
9 91
6 60
1 53
1 32
4 22
6 62
6 3
9 29
3 10
7 19
4 78
10 57
10 81
10 46
2 43
3 63
7 14
4 85
1 23
9 15
9 11
2 7
5 49
7 75
2 95
8 12
3 88
1 47
10 53
1 68
2 96
2 57
3 90
5 46
9 100
7 56
4 60
4 86
2 9
7 36
2 29
9 18
5 72
8 11
5 35
7 44
2 65
1 25
7 42
9 96
7 21
8 75
1 44
5 35
4 56
4 37
3 29
5 72
6 37
10 64
2 38
9 7
8 88
6 0
9 23
10 69
10 59
6 31
8 6
2 97
8 59
7 7
7 81
6 20
2 68
8 22
7 33
5 93
5 12
4 19
1 23
1 62
2 43
4 76
3 22
4 93
4 80
10 4
7 25
7 65
1 75
4 2
3 27
6 69
6 91
2 39
3 4
10 44
1 21
10 14
7 99
5 83
9 35
6 19
6 69
9 58
6 94
2 11
6 66
1 76
1 91
6 74
7 59
1 65
5 86
9 99
10 63
9 56
7 43
7 43
5 28
3 52
10 92
1 51
10 30
6 27
3 54
7 31
7 5
1 86
2 16
9 17
6 12
2 18
1 78
5 35
4 91
2 97
2 1
5 93
2 84
8 64
5 46
6 0
9 2
4 10
5 84
8 39
3 50
10 66
9 95
3 29
4 92
4 39
4 50
4 100
2 21
4 8
10 47
7 88
7 28
4 29
4 34
3 4
7 57
4 43
2 69
7 56
1 14
5 81
10 17
10 43
10 9
4 30
6 71
5 22
2 27
9 94
2 66
9 68
3 25
10 36
3 89
1 5
6 17
8 24
5 27
4 25
10 47
1 98
8 87
10 32
5 66
1 74
5 37
8 46
8 11
5 74
10 35
1 15
9 90
8 42
6 43
7 98
5 24
6 76
7 4
5 24
6 82
5 24
9 73
1 37
4 24
7 18
6 1
6 27
2 10
2 55
8 18
10 3
5 76
9 19
2 47
2 21
1 56
3 76
8 74
2 92
7 93
2 3
4 2
5 79
10 3
2 62
3 83
5 18
6 98
4 10
2 56
10 91
7 64
1 18
1 99
7 63
2 17
1 67
3 72
2 51
5 38
3 83
9 49
6 21
7 83
2 99
8 59
10 11
7 3
5 77
6 6
4 12
4 58
1 15
1 4
5 38
2 51
5 38
1 100
7 65
8 46
5 39
8 46
3 66
4 82
3 100
9 41
8 30
10 49
2 88
1 56
10 82
4 7
2 22
10 88
9 55
3 84
6 100
10 41
7 89
6 19
6 51
4 56
1 67
10 51
9 67
5 32
6 12
7 86
7 88
6 24
1 70
5 15
1 3
6 64
9 75
8 82
6 28
8 58
9 68
3 10
8 67
4 98
6 73
4 80
4 1
2 32
8 1
1 87
4 45
2 32
1 47
2 76
3 54
9 59
8 40
9 77
3 62
6 12
10 31
9 54
5 69
3 74
1 5
10 73
2 0
6 72
6 97
5 83
7 77
6 69
6 90
6 95
3 91
2 29
9 98
5 20
1 6
7 27
6 8
1 19
4 59
6 66
3 1
8 70
9 83
7 77
10 32
7 4
6 62
10 97
9 75
1 30
4 100
9 11
7 7
5 12
7 56
1 62
4 26
5 71
5 55
6 17
1 2
4 13
9 58
3 94
3 23
4 56
2 55
3 81
10 62
1 51
4 39
8 90
1 80
7 89
9 65
2 57
3 43
5 35
8 6
1 16
1 68
2 50
7 21
8 20
3 71
4 78
9 100
6 41
9 22
10 31
3 78
6 88
5 65
4 36
4 89
4 85
5 74
7 55
5 76
6 60
3 0
2 21
2 24
4 18
7 37
5 56
10 81
2 31
5 30
1 98
3 29
9 67
3 22
4 45
2 62
9 24
7 8
10 75
6 71
5 93
8 28
5 91
6 24
1 98
8 35
4 81
7 96
2 46
9 92
3 2
9 32
6 46
4 7
3 13
2 95
7 57
3 63
3 75
9 66
8 13
10 98
4 21
5 76
1 80
1 75
3 69
8 16
6 98
2 55
8 59
3 91
7 65
9 95
9 89
8 61
8 26
10 87
6 23
4 24
8 31
9 56
1 74
6 83
5 40
5 66
2 4
3 79
7 18
8 79
5 99
1 88
7 33
7 43
10 69
4 63
7 14
10 4
6 99
10 17
2 61
2 25
1 0
10 61
3 49
9 50
1 73
6 85
3 91
2 21
5 19
3 51
10 9
10 88
5 13
3 23
8 100
1 93
9 62
8 60
8 55
1 5
2 42
8 40
3 43
3 38
6 4
5 81
7 60
5 45
2 28
4 61
9 47
1 28
1 77
3 81
6 19
2 90
3 20
5 16
8 3
9 4
8 64
5 70
4 16
6 97
6 93
5 42
8 11
8 4
5 72
7 48
4 19
1 64
9 82
2 2
1 87
10 56
3 47
10 96
10 75
8 55
1 44
3 4
7 3
9 64
8 27
10 64
3 21
7 80
7 83
10 19
9 60
5 17
7 55
6 3
8 92
6 89
6 53
7 26
9 26
7 96
9 78
8 82
10 76
1 40
4 58
10 33
6 86
2 28
4 23
5 59
6 83
6 14
1 40
4 62
7 50
9 53
1 82
4 22
9 28
2 19
3 76
3 26
3 89
9 100
10 14
6 49
9 48
4 80
1 82
2 2
4 48
5 34
8 63
4 14
3 92
6 49
8 96
8 42
5 21
7 0
1 76
2 11
3 8
1 20
7 9
5 81
3 49
1 55
6 30
4 22
1 23
3 68
2 6
3 96
5 27
3 34
8 53
5 3
5 30
4 91
10 79
10 4
10 1
2 11
5 36
6 77
5 26
3 71
10 64
7 83
9 11
5 68
9 0
4 33
2 93
9 76
7 65
3 95
9 79
4 85
9 29
1 12
6 90
1 84
8 1
3 72
2 64
3 57
7 43
1 88
6 36
1 30
8 7
8 17
9 61
5 36
3 96
2 9
2 16
5 90
4 76
4 5
10 26
1 28
4 63
4 25
3 74
8 58
10 69
3 76
10 24
10 32
10 63
5 22
6 77
8 20
8 80
1 49
3 41
3 44
1 7
5 7
7 35
9 5
5 59
2 93
4 86
5 77
7 42
6 9
5 7
6 50
6 58
4 34
8 26
3 25
7 89
8 90
7 95
8 31
2 12
8 53
10 60
5 19
9 11
4 31
4 87
5 24
5 95
3 35
5 53
1 17
4 37
1 49
5 88
6 72
4 3
9 38
5 13
3 76
9 28
6 22
8 91
1 37
2 46
4 52
8 48
10 13
2 56
10 21
8 84
6 64
3 62
7 74
1 88
4 47
9 39
1 87
4 61
8 97
8 31
6 96
8 77
9 15
6 5
4 99
7 94
6 63
1 19
5 14
8 85
5 19
3 16
8 78
10 12
4 72
3 19
2 50
3 98
3 41
9 21
9 28
4 99
4 57
7 3
7 31
1 78
2 77
4 3
5 29
4 6
2 39
6 86
1 83
2 51
10 20
8 11
4 21
4 28
9 50
4 67
1 78
1 46
6 91
3 99
10 72
6 69
7 50
2 24
7 12
8 88
7 57
4 24
7 8
10 84
9 58
5 32
7 90
5 95
10 89
4 66
4 90
4 45
8 4
7 99
4 17
8 47
3 65
4 4
9 25
3 51
3 41
9 30
10 53
6 74
6 38
1 57
7 25
3 87
8 16
9 15
10 9
6 7
10 95
10 48
8 12
2 25
1 57
9 13
4 30
3 29
5 40
7 35
2 39
10 20
2 77
7 77
2 6
7 26
7 84
9 36
10 41
2 49
8 21
7 92
6 29
10 43
2 6
9 73
6 55
5 39
2 37
7 32
2 88
7 52
4 67
10 10
3 78
6 67
5 49
4 7
1 85
7 93
10 97
7 90
10 31
3 28
5 19
3 89
2 5
5 45
8 25
5 12
5 65
2 2
1 1
9 82
8 80
1 23
1 34
9 22
4 47
6 6
1 94
8 7
10 44
5 77
4 80
5 94
5 89
10 46
5 83
1 93
3 34
7 41
3 38
2 70
3 19
8 4
8 48
7 73
2 65
6 74
5 42
6 87
7 55
2 37
5 50
1 29
4 76
8 68
4 91
9 46
1 49
5 75
10 53
3 62
5 2
7 68
8 70
4 56
2 17
4 51
2 69
10 93
10 76
6 88
6 75
3 32
6 74
4 7
2 6
2 32
1 53
2 17
9 6
10 59
3 45
5 24
7 98
4 75
3 10
10 46
2 62
6 49
3 28
1 73
1 94
2 64
10 10
4 28
1 36
2 65
3 60
9 52
5 7
9 65
2 47
7 22
6 6
4 33
4 19
10 40
1 44
10 40
1 69
2 43
9 56
1 7
9 51
5 54
3 57
4 70
9 91
4 6
7 27
3 41
3 94
8 99
4 0
10 7
9 1
10 93
7 47
5 75
5 53
5 42
5 100
4 8
1 85
9 99
4 30
10 23
10 47
9 85
3 58
9 85
7 23
7 8
4 74
4 86
2 50
7 37
2 6
8 14
5 26
8 89
10 38
1 2
5 11
2 25
10 3
3 28
1 71
5 70
6 30
7 53
3 41
4 65
5 80
3 5
4 94
2 54
7 50
1 16
5 57
1 25
3 80
4 77
9 74
8 68
7 24
1 11
2 29
3 66
10 31
6 60
1 58
10 67
2 97
5 45
10 30
5 43
2 34
10 31
1 5
3 31
8 96
8 27
9 51
6 35
1 83
4 44
1 39
6 63
8 17
10 92
8 18
1 79
1 62
5 62
6 62
5 97
7 52
8 8
4 26
6 52
8 90
2 23
9 20
3 81
10 81
4 56
9 66
7 72
6 38
3 37
4 63
4 66
9 87
3 30
3 67
5 57
10 61
2 63
3 40
6 32
6 35
4 86
10 43
4 95
4 89
7 76
1 98
8 99
3 35
5 77
2 63
2 46
9 40
10 77
6 79
6 64
2 75
9 49
5 89
5 43
7 51
5 51
8 78
7 38
1 12
10 71
1 85
7 50
3 33
7 35
5 28
6 95
3 53
1 63
2 5
8 87
4 0
8 48
7 76
5 40
9 36
8 88
9 84
4 53
3 17
9 3
8 60
9 8
6 57
4 29
7 51
5 16
4 67
3 98
5 26
3 27
5 63
7 23
2 93
2 67
2 75
2 94
3 92
2 94
4 79
9 84
7 69
1 83
8 32
4 42
6 8
7 29
4 33
4 18
8 10
8 24
6 25
10 97
2 63
7 32
9 86
3 2
9 36
6 71
2 21
2 35
7 17
10 59
8 2
3 89
5 31
10 30
7 83
2 93
1 43
8 37
9 63
10 45
8 89
6 10
3 25
10 44
4 3
10 23
4 91
4 78
9 90
3 4
2 1
1 53
7 91
6 6
2 10
2 69
2 34
7 40
6 97
4 50
7 42
3 10
5 36
1 7
4 66
10 19
6 57
3 67
8 52
7 65
3 83
10 9
1 40
8 7
2 36
7 26
8 54
9 96
4 50
4 66
3 38
4 55
10 73
2 74
3 49
4 38
8 0
1 66
4 98
3 40
1 51
1 13
4 80
8 33
4 16
10 58
7 72
9 58
8 3
10 69
3 14
3 65
8 62
3 23
1 54
3 45
8 24
8 75
6 43
1 100
8 27
4 14
7 32
7 70
9 99
9 64
3 27
3 10
7 22
10 15
8 76
9 34
2 84
10 60
4 94
6 72
4 3
9 96
9 34
7 60
6 26
6 71
10 19
3 34
4 18
10 1
3 40
8 69
7 61
3 18
9 31
4 45
10 96
5 93
1 87
8 26
3 84
5 58
2 85
6 58
8 50
2 35
2 68
7 44
10 36
3 67
4 93
6 26
7 42
3 6
3 99
2 80
6 66
6 23
3 32
6 32
6 21
10 34
2 19
4 17
7 69
10 12
8 16
2 0
7 92
6 81
7 76
4 29
9 87
6 55
4 74
5 83
2 37
1 83
4 13
3 88
4 11
8 11
9 26
2 45
2 1
3 19
5 68
10 0
3 76
10 58
3 59
2 54
2 74
8 49
2 51
1 86
3 12
10 18
7 97
9 38
3 1
9 71
2 21
1 57
10 75
2 44
9 90
3 83
4 13
4 40
5 72
8 33
10 8
8 6
5 36
4 46
10 23
6 49
10 81
10 76
8 20
2 26
9 30
6 73
4 42
8 67
9 21
7 73
5 25
6 15
8 29
6 18
4 93
3 13
4 35
7 88
1 78
1 42
6 26
7 21
8 13
4 42
10 81
5 11
3 40
4 92
9 84
6 16
6 73
3 82
5 88
4 24
10 36
6 52
7 15
4 60
7 9
2 84
5 4
6 72
5 26
5 89
7 88
3 1
6 95
5 98
10 83
9 14
5 37
9 51
6 15
2 66
4 4
2 3
10 61
4 41
2 3
6 31
3 3
5 21
1 88
5 92
4 76
6 51
1 36
7 37
7 43
4 14
1 24
1 25
4 29
9 21
5 12
2 98
6 4
1 9
8 44
7 87
5 19
7 77
5 58
9 69
8 47
1 76
7 57
10 27
10 91
7 4
4 22
3 32
9 72
4 45
4 71
4 31
7 96
5 42
8 47
1 72
1 58
3 57
8 21
1 68
5 93
4 77
9 47
8 27
6 59
10 93
2 99
7 71
5 35
10 58
9 55
3 46
2 19
9 6
1 11
3 79
7 26
1 34
10 25
8 46
8 75
6 36
3 37
9 40
6 99
10 64
7 85
3 11
8 49
3 81
9 12
4 21
8 0
7 2
4 29
1 46
7 49
4 89
2 85
10 52
10 72
2 71
10 60
7 33
2 16
6 72
1 82
5 59
8 18
4 7
5 30
8 4
2 39
9 71
1 77
5 8
8 20
4 2
2 23
4 4
4 83
2 73
9 4
8 10
8 28
8 94
10 59
10 47
5 36
6 18
1 25
5 68
10 37
2 20
6 84
3 79
6 46
8 34
10 41
7 3
8 17
3 72
5 47
6 2
1 78
2 12
3 86
1 69
4 4
1 20
7 6
3 73
5 71
6 13
7 21
4 0
5 26
2 81
7 78
1 73
1 94
5 23
7 43
1 76
9 85
10 1
10 37
8 2
5 9
5 83
4 84
5 1
4 50
1 94
1 15
1 51
1 80
3 29
3 89
5 55
7 54
7 53
8 79
7 99
9 94
10 37
7 79
4 24
7 30
6 19
4 21
9 52
1 86
8 86
7 41
1 9
1 55
5 79
7 66
9 92
10 3
2 29
8 52
4 8
4 37
5 99
2 15
10 50
8 28
9 62
4 97
2 65
10 31
8 72
5 19
7 84
5 65
6 33
9 61
3 23
4 28
1 80
3 80
2 71
3 78
8 35
10 51
8 59
3 88
1 54
5 15
6 66
5 76
9 29
5 56
4 88
1 78
1 49
5 45
3 45
4 82
5 29
10 5
7 71
3 17
4 8
9 71
3 27
3 32
8 17
10 100
4 18
8 46
9 43
5 86
7 13
8 60
3 12
10 74
2 4
7 28
8 17
8 29
7 23
7 34
9 61
5 86
1 31
3 32
4 37
1 7
10 61
4 75
6 21
4 90
2 7
7 94
3 10
7 57
8 89
8 27
7 98
3 90
2 1
10 17
3 54
8 76
9 49
9 9
7 42
4 25
3 27
6 49
9 59
2 43
2 19
10 66
8 59
8 98
4 50
2 58
9 82
6 13
9 12
1 16
8 86
2 39
6 68
6 55
6 96
7 46
3 40
5 3
9 1
5 70
5 85
10 36
3 85
10 14
1 74
2 51
5 43
9 42
3 31
8 82
1 7
4 39
7 6
9 16
2 98
9 73
4 50
10 77
10 41
10 83
9 49
2 89
5 10
2 72
5 42
2 9
8 67
8 73
3 43
5 66
1 74
6 37
10 17
3 85
4 3
3 30
7 80
2 51
2 17
10 59
10 12
9 24
2 29
6 10
7 72
1 41
10 39
1 53
3 97
6 26
5 48
10 91
9 65
9 3
7 13
7 54
4 37
7 29
1 34
2 74
8 22
9 75
3 83
8 26
8 37
7 23
9 55
10 64
5 14
2 64
3 66
4 23
8 76
1 1
7 88
5 56
7 35
6 69
4 72
1 40
7 72
9 0
3 38
9 59
1 50
6 94
8 7
3 33
6 47
5 34
7 80
6 61
5 28
9 95
6 16
1 49
5 51
6 73
4 92
10 70
5 75
8 61
5 88
6 33
10 76
2 11
5 86
9 36
9 16
9 41
4 33
10 19
1 3
8 68
10 54
2 16
8 89
3 3
2 43
6 89
9 46
5 25
10 88
2 7
4 95
1 83
7 46
3 8
8 25
2 85
5 36
2 37
8 81
3 95
8 5
5 94
5 36
10 42
6 69
7 16
9 98
9 6
3 92
2 73
9 0
6 14
2 21
3 62
3 66
7 43
5 22
1 94
6 36
10 7
3 56
7 40
7 13
10 13
3 58
3 83
5 28
9 70
2 3
7 50
4 92
6 52
1 80
8 87
8 23
7 28
5 34
9 6
8 29
2 39
4 75
5 19
10 68
9 59
9 13
10 13
9 70
1 74
7 58
3 31
10 62
7 20
4 9
6 77
6 15
5 65
3 50
4 78
4 81
5 38
3 20
10 68
3 45
8 44
9 94
7 83
2 60
7 50
6 94
3 27
4 52
10 32
4 21
3 68
10 72
7 95
8 84
4 5
10 55
6 33
2 100
2 79
5 58
10 36
2 15
8 85
3 62
5 84
3 7
10 76
4 81
5 90
5 73
9 61
9 5
4 52
8 86
7 25
2 39
7 14
3 71
8 42
4 17
3 41
10 20
8 3
10 23
9 8
6 36
6 80
10 40
6 93
8 69
1 84
6 85
5 80
2 70
2 88
7 46
10 51
6 55
3 16
1 87
3 3
2 100
7 72
3 51
7 74
4 7
2 61
3 51
5 75
8 84
9 100
4 96
5 41
3 24
5 49
4 14
1 21
10 49
5 78
3 39
9 23
5 23
4 84
3 16
7 23
5 27
5 97
10 16
1 92
10 41
3 26
8 12
10 10
3 4
8 69
7 19
1 27
9 68
1 45
8 2
5 64
6 82
2 78
9 99
4 43
10 25
7 5
9 0
9 100
7 18
10 17
5 29
2 64
3 16
7 11
6 43
2 16
7 29
8 81
4 78
3 42
6 82
7 23
2 19
4 40
3 76
9 53
9 13
6 28
8 13
9 100
3 85
5 100
9 94
4 2
10 98
5 44
7 21
5 56
6 18
6 55
1 25
7 49
4 34
3 58
9 25
8 68
4 25
8 0
9 7
4 52
3 25
5 94
4 88
7 28
1 33
10 86
10 3
7 33
4 20
10 74
5 85
3 94
5 34
5 17
7 89
2 80
7 3
8 2
7 53
10 22
1 11
3 27
5 81
7 10
3 62
6 26
1 0
7 73
6 11
6 25
2 76
10 27
3 71
3 23
9 13
2 55
4 65
2 55
6 33
1 39
2 41
3 49
2 54
2 98
9 67
7 62
1 78
9 0
5 60
2 30
8 62
2 63
5 1
5 16
8 75
5 98
6 92
7 47
7 99
3 99
8 98
4 43
1 51
6 70
3 23
2 52
1 36
1 22
10 79
7 33
6 4
1 33
3 64
1 19
9 84
2 71
4 80
9 49
3 55
9 63
7 64
6 15
1 14
4 97
7 31
3 80
8 64
1 73
2 10
8 28
7 14
10 15
8 13
1 90
2 86
2 47
6 38
7 37
1 89
7 63
6 20
7 2
2 7
10 11
4 20
4 10
4 42
7 2
6 23
10 27
3 7
7 51
1 35
7 85
1 50
7 28
8 46
7 49
5 67
7 59
1 17
7 79
10 20
9 32
10 3
1 80
3 59
10 85
3 18
6 65
9 26
8 100
9 40
7 20
6 60
5 62
5 61
7 52
7 74
6 47
8 9
7 30
7 61
3 0
5 83
5 98
3 6
7 34
7 64
2 5
8 73
1 38
4 49
10 92
9 75
2 4
8 20
9 30
7 30
4 23
2 50
1 23
10 48
1 50
2 21
8 66
9 54
1 59
5 30
2 95
4 44
10 12
2 67
4 86
1 17
4 71
9 56
6 82
9 63
8 34
7 52
1 27
8 26
8 80
10 20
7 50
5 16
9 2
5 39
1 86
10 61
3 19
2 57
7 30
9 10
1 85
3 54
8 40
2 47
9 5
9 36
3 18
1 80
4 48
6 41
4 94
10 60
1 58
5 69
4 69
5 45
5 56
1 12
8 78
1 33
9 54
5 95
2 26
9 61
5 10
9 57
2 76
2 16
10 5
9 77
8 17
8 36
3 69
1 9
4 22
4 87
5 10
10 27
2 14
6 12
3 86
6 52
7 74
4 69
5 90
9 41
8 9
5 18
4 82
5 41
9 30
6 44
5 81
7 53
9 20
3 61
6 37
2 2
2 85
2 85
5 47
6 23
3 100
5 28
2 31
1 31
3 87
7 85
10 36
1 39
7 52
8 20
10 80
4 68
7 51
7 24
2 3
5 63
9 55
8 19
3 58
5 20
3 79
10 12
7 86
3 10
2 92
2 20
1 44
7 60
3 9
7 6
9 0
3 40
9 80
8 42
7 3
8 24
8 44
1 44
1 3
3 14
9 82
10 30
10 4
3 68
2 95
4 31
9 49
5 55
7 64
9 56
8 54
4 88
10 83
4 15
7 71
3 0
10 66
9 88
7 35
6 47
4 25
1 25
6 80
